   -27.3186    6.03676E-03
   -27.1420    1.10369E-02
   -20.3723    8.03661E-03
   -9.26483    1.50366E-02
   -9.26294    1.50366E-02
   -8.38348   -1.59636E-02
   -8.37952   -1.99633E-02
   -7.31659   -5.96333E-03
   -7.31256   -1.96362E-03
   -6.39923    1.40371E-02
   -6.39490    2.00367E-02
   -5.37488   -1.96362E-03
   -5.37054    5.03635E-03
   -4.49359   -3.39632E-02
   -4.48926   -3.79629E-02
   -3.21906    8.03661E-03
   -3.21472    5.03635E-03
   -2.16333    2.00367E-02
   -2.15900    2.00367E-02
  -0.390686   -1.39627E-02
  -0.386353   -2.09637E-02
  -0.302856   -1.96362E-03
  -0.298523   -4.96292E-03
   0.543274    1.70364E-02
   0.547607    2.60372E-02
   0.708252    1.90372E-02
   0.714844    2.30370E-02
    1.53448    1.10369E-02
    1.53931    1.20363E-02
    1.61945    1.30367E-02
    1.62378    1.30367E-02
    1.69354    7.03716E-03
    1.69818    6.03676E-03
    2.51477   -2.29635E-02
    2.51910   -2.39630E-02
    2.59674   -2.39630E-02
    2.60107   -2.79636E-02
    2.67810   -2.39630E-02
    2.68243   -2.59628E-02
    3.54321    1.00365E-02
    3.55035    5.03635E-03
    3.75793    1.30367E-02
    3.76227    1.30367E-02
    4.58679    4.20370E-02
    5.57050    3.71933E-05
    5.57483   -2.96307E-03
    5.72784   -1.29633E-02
    6.56073   -1.59636E-02
    6.56506   -1.39627E-02
    6.73096   -1.59636E-02
    6.73529   -7.96318E-03
    7.78064    2.10371E-02
    7.78497    1.80368E-02
    8.62146    1.90372E-02
    8.62579    2.30370E-02
    8.71033    4.03690E-03
    8.71472    1.20363E-02
    9.53949   -3.69635E-02
    9.54382   -2.79636E-02
    9.60992   -3.19633E-02
